三国奇兵资源列表
	18种英雄  11种怪物  13个场景
模型   		顶点   面数   动画   材质   声音   特效

曹操  		1305    1335    12     1
曹操武器  	164     192            1    
蔡文姬  	3584    1565    12     1
蔡文姬武器  210     86             1
貂蝉	  	2629    1696    12     1
貂蝉武器    711     324            1
郭嘉	  	3188    1342    12     1
郭嘉武器    170     88             1
黄月英  	1326    1574    12     1
黄月英武器  717     298            1
黄忠	  	1771    1682    12     1
黄忠武器弓  1384    560            1
黄忠武器剑  224     102            
华雄	  	1676    1861    12     1
华雄武器    380     270            1
刘备	  	1555    1688    15     1
刘备武器    67      104            1
刘备武器*2  137     126            1
luxun	  	1356    1375    12     1
luxun武器   89      100            1
luxun武器*2 89      100            1
吕布	  	3243    1374    11     1
吕布武器    949     372            1
孙策身体  	1428    1196    11     1
孙策头  	527     500            
孙策武器    188     210            1
孙坚	  	1130    1238    11     1
孙坚武器    248     266            1
孙尚香  	1300    1464    12     1
孙尚香弓    330     304            1
孙尚香剑    90      104            
太史慈  	1833    1503    12     1
太史慈剑    538     194            1
太史慈剑    538     194            
许褚	  	1235    1585    12     1
许褚武器    350     386            1
徐庶	  	2061    1958    12     1
徐庶武器    295     256            1
张合	  	1356    1471    12     1
张合武器    605     216            1
张角	  	1309    1283    12     1
张角武器    712     656            1



















